Allenopithecus_nigroviridis,Alouatta_belzebul,Alouatta_caraya,Alouatta_guariba,Alouatta_palliata,Alouatta_pigra,Alouatta_seniculus,Aotus_azarai,Aotus_trivirgatus,Arctocebus_calabarensis,Ateles_belzebuth,Ateles_geoffroyi,Ateles_paniscus,Avahi_laniger,Avahi_occidentalis,Bunopithecus_hoolock,Cacajao_calvus,Cacajao_melanocephalus,Callimico_goeldii,Callithrix_argentata,Callithrix_jacchus,Callithrix_penicillata,Callithrix_pygmaea,Cebus_albifrons,Cebus_apella,Cebus_capucinus,Cebus_olivaceus,Cercocebus_galeritus,Cercocebus_torquatus,Cercocebus_torquatus_atys,Cercopithecus_albogularis,Cercopithecus_ascanius,Cercopithecus_campbelli,Cercopithecus_cephus,Cercopithecus_diana,Cercopithecus_lhoesti,Cercopithecus_mitis,Cercopithecus_neglectus,Cercopithecus_nictitans,Cercopithecus_petaurista,Cercopithecus_pogonias,Cheirogaleus_major,Cheirogaleus_medius,Chiropotes_satanas,Colobus_angolensis,Colobus_guereza,Colobus_polykomos,Colobus_satanas,Colobus_vellerosus,Daubentonia_madagascariensis,Erythrocebus_patas,Eulemur_coronatus,Eulemur_fulvus_fulvus,Eulemur_fulvus_rufus,Eulemur_macaco_macaco,Eulemur_mongoz,Eulemur_rubriventer,Euoticus_elegantulus,Galago_alleni,Galago_matschiei,Galago_moholi,Galago_senegalensis,Galagoides_demidoff,Galagoides_zanzibaricus,Gorilla_gorilla_gorilla,Hapalemur_griseus,Hapalemur_simus,Hylobates_agilis,Hylobates_klossii,Hylobates_lar,Hylobates_muelleri,Hylobates_pileatus,Indri_indri,Lagothrix_lagotricha,Lemur_catta,Leontopithecus_chrysomelas,Leontopithecus_rosalia,Lepilemur_dorsalis,Lepilemur_edwardsi,Lepilemur_leucopus,Lepilemur_microdon,Lepilemur_mustelinus,Lepilemur_ruficaudatus,Lophocebus_albigena,Lophocebus_aterrimus,Loris_tardigradus,Macaca_assamensis,Macaca_cyclopis,Macaca_fascicularis,Macaca_fuscata,Macaca_mulatta,Macaca_nemestrina,Macaca_nigra,Macaca_radiata,Macaca_silenus,Macaca_sinica,Macaca_sylvanus,Mandrillus_leucophaeus,Mandrillus_sphinx,Microcebus_murinus,Microcebus_rufus,Mirza_coquereli,Nasalis_larvatus,Nomascus_gabriellae,Nycticebus_coucang,Nycticebus_pygmaeus,Otolemur_crassicaudatus,Otolemur_garnettii,Pan_paniscus,Pan_troglodytes_troglodytes,Papio_anubis,Papio_cynocephalus,Papio_hamadryas,Papio_ursinus,Perodicticus_potto,Piliocolobus_badius,Piliocolobus_kirkii,Piliocolobus_tephrosceles,Pithecia_pithecia,Pongo_pygmaeus,Presbytis_comata,Presbytis_melalophos,Procolobus_verus,Propithecus_coquereli,Propithecus_diadema,Propithecus_edwardsi,Propithecus_verreauxi,Pygathrix_nemaeus,Rhinopithecus_roxellana,Saguinus_fuscicollis,Saguinus_geoffroyi,Saguinus_leucopus,Saguinus_midas,Saguinus_mystax,Saguinus_oedipus,Saimiri_oerstedii,Saimiri_sciureus,Semnopithecus_entellus,Symphalangus_syndactylus,Tarsius_bancanus,Tarsius_dentatus,Tarsius_syrichta,Theropithecus_gelada,Trachypithecus_cristatus,Trachypithecus_geei,Trachypithecus_johnii,Trachypithecus_obscurus,Trachypithecus_phayrei,Trachypithecus_pileatus,Trachypithecus_vetulus,Varecia_variegata_variegata
0,0.6412313055078496,0.6412312986588178,0.6412312986588177,0.6412313055078496,0.6412313055078496,0.6412312986588178,0.6412313055078496,0.6412312986588178,0.9999999794529045,0.6412313055078495,0.6412312986588177,0.6412312986588177,0.9999999726038727,0.9999999726038727,0.4109419131629206,0.6412313055078496,0.6412313055078496,0.6412312986588178,0.6412312918097859,0.6412312918097859,0.6412312918097859,0.6412312918097859,0.6412313055078495,0.6412313055078495,0.6412313055078495,0.6412313055078495,0.20376114031831244,0.2037611403183124,0.2037611403183124,0.1629371302922614,0.1629371302922614,0.1629371234432296,0.16293713714129318,0.1629371234432296,0.1629371302922614,0.1629371302922614,0.1629371234432296,0.1629371302922614,0.1629371302922614,0.1629371234432296,0.9999999726038727,0.9999999726038727,0.6412313055078496,0.2932806703974758,0.29328066354844395,0.29328066354844395,0.29328066354844395,0.29328066354844395,0.9999999726038727,0.1629371302922614,0.9999999726038727,0.9999999657548411,0.9999999794529045,0.9999999794529045,0.9999999794529045,0.9999999726038727,0.9999999863019363,0.9999999794529048,0.9999999863019363,0.9999999863019363,0.9999999863019363,0.9999999794529045,0.9999999794529045,0.41094191316292056,0.9999999794529045,0.9999999726038727,0.41094190631388877,0.41094190631388877,0.41094190631388877,0.41094190631388877,0.41094190631388877,0.9999999726038727,0.6412312986588177,0.9999999726038727,0.6412312986588178,0.6412312986588178,0.999999972603873,0.999999972603873,0.999999972603873,0.999999972603873,0.999999972603873,0.999999972603873,0.20376113346928063,0.20376113346928063,0.9999999794529045,0.2037611403183124,0.20376114031831244,0.20376113346928063,0.20376114031831244,0.20376113346928063,0.2037611403183124,0.2037611471673442,0.2037611403183124,0.2037611403183124,0.2037611403183124,0.20376114031831244,0.20376113346928063,0.20376113346928063,0.9999999657548411,0.9999999794529045,0.9999999726038727,0.2932806703974758,0.41094190631388877,0.9999999863019363,0.9999999794529045,0.9999999863019363,0.9999999863019363,0.4109419063138888,0.4109419063138888,0.20376113346928063,0.20376113346928063,0.20376113346928063,0.20376113346928063,0.9999999794529045,0.293280663548444,0.2932806566994122,0.2932806566994122,0.6412313055078495,0.4109419131629206,0.2932806703974758,0.2932806703974758,0.293280663548444,0.9999999726038727,0.9999999726038727,0.9999999726038727,0.9999999726038727,0.2932806703974758,0.2932806703974758,0.6412312986588177,0.6412313055078495,0.6412312986588177,0.6412312986588177,0.6412313055078495,0.6412313055078495,0.6412313055078495,0.6412313055078495,0.2932806703974758,0.41094191316292056,0.94297513954200185,0.94297513954200185,0.94297513954200185,0.2037611403183124,0.2932806772465075,0.2932806703974758,0.2932806703974758,0.2932806772465075,0.2932806772465075,0.2932806703974758,0.2932806703974758,0.9999999726038727
0.6412313055078496,0,0.05326103668903723,0.06258982890426881,0.046866855966142595,0.046866855966142595,0.05326103668903723,0.29206053593440745,0.29206052908537566,0.9999999863019365,0.20218671913974734,0.20218671229071555,0.20218671229071558,0.9999999794529048,0.9999999794529048,0.6412313123568814,0.31139505126907796,0.31139505126907796,0.29206052908537566,0.2920605222363439,0.29206052223634393,0.29206052223634393,0.2920605222363439,0.29206053593440745,0.29206053593440745,0.29206053593440745,0.29206053593440745,0.6412313123568814,0.6412313123568814,0.6412313123568814,0.6412313123568814,0.6412313123568814,0.6412313055078496,0.6412313192059131,0.6412313055078496,0.6412313123568814,0.6412313123568814,0.6412313055078496,0.6412313123568814,0.6412313123568814,0.6412313055078496,0.9999999794529048,0.9999999794529048,0.31139505126907796,0.6412313123568814,0.6412313055078496,0.6412313055078496,0.6412313055078496,0.6412313055078496,0.9999999794529048,0.6412313123568814,0.9999999794529048,0.999999972603873,0.9999999863019365,0.9999999863019365,0.9999999863019365,0.9999999794529048,0.9999999931509684,0.9999999863019366,0.9999999931509684,0.9999999931509684,0.9999999931509684,0.9999999863019365,0.9999999863019366,0.6412313123568814,0.9999999863019365,0.9999999794529048,0.6412313055078496,0.6412313055078496,0.6412313055078496,0.6412313055078496,0.6412313055078496,0.9999999794529048,0.20218671229071555,0.9999999794529048,0.29206052908537566,0.29206052908537566,0.999999979452905,0.999999979452905,0.999999979452905,0.999999979452905,0.999999979452905,0.999999979452905,0.6412313055078496,0.6412313055078496,0.9999999863019365,0.6412313123568814,0.6412313123568814,0.6412313055078496,0.6412313123568814,0.6412313055078496,0.6412313123568814,0.6412313192059131,0.6412313123568814,0.6412313123568814,0.6412313123568814,0.6412313123568814,0.6412313055078496,0.6412313055078496,0.999999972603873,0.9999999863019365,0.9999999794529048,0.6412313123568814,0.6412313055078496,0.9999999931509682,0.9999999863019365,0.9999999931509682,0.9999999931509682,0.6412313055078496,0.6412313055078496,0.6412313055078496,0.6412313055078496,0.6412313055078496,0.6412313055078496,0.9999999863019365,0.6412313055078496,0.6412312986588179,0.6412312986588179,0.31139505126907796,0.6412313123568814,0.6412313123568814,0.6412313123568814,0.6412313055078496,0.9999999794529048,0.9999999794529048,0.9999999794529048,0.9999999794529048,0.6412313123568814,0.6412313123568814,0.2920605290853757,0.29206053593440745,0.2920605290853757,0.2920605290853757,0.29206053593440745,0.29206053593440745,0.29206053593440745,0.29206053593440745,0.6412313123568814,0.6412313123568814,0.9429751463910339,0.9429751463910339,0.9429751463910339,0.6412313123568814,0.6412313192059131,0.6412313123568814,0.6412313123568814,0.6412313192059131,0.6412313192059131,0.6412313123568814,0.6412313123568814,0.9999999794529048
0.6412312986588178,0.05326103668903723,0,0.06258982205523703,0.05326103668903723,0.05326103668903723,0.039539063175325226,0.2920605290853757,0.29206052223634393,0.9999999794529045,0.20218671229071558,0.2021867054416838,0.20218670544168382,0.9999999726038727,0.9999999726038727,0.6412313055078496,0.3113950444200462,0.3113950444200462,0.29206052223634393,0.2920605153873121,0.29206051538731215,0.29206051538731215,0.2920605153873121,0.29206052908537566,0.2920605290853757,0.2920605290853757,0.29206052908537566,0.6412313055078496,0.6412313055078496,0.6412313055078496,0.6412313055078496,0.6412313055078496,0.6412312986588178,0.6412313123568812,0.6412312986588178,0.6412313055078496,0.6412313055078496,0.6412312986588178,0.6412313055078496,0.6412313055078496,0.6412312986588178,0.9999999726038727,0.9999999726038727,0.3113950444200462,0.6412313055078496,0.6412312986588178,0.6412312986588178,0.6412312986588178,0.6412312986588178,0.9999999726038727,0.6412313055078496,0.9999999726038727,0.9999999657548411,0.9999999794529045,0.9999999794529045,0.9999999794529045,0.9999999726038727,0.9999999863019363,0.9999999794529048,0.9999999863019363,0.9999999863019363,0.9999999863019363,0.9999999794529045,0.9999999794529045,0.6412313055078496,0.9999999794529045,0.9999999726038727,0.6412312986588178,0.6412312986588178,0.6412312986588178,0.6412312986588178,0.6412312986588178,0.9999999726038727,0.2021867054416838,0.9999999726038727,0.2920605222363439,0.2920605222363439,0.999999972603873,0.999999972603873,0.999999972603873,0.999999972603873,0.999999972603873,0.999999972603873,0.6412312986588178,0.6412312986588178,0.9999999794529048,0.6412313055078496,0.6412313055078496,0.6412312986588178,0.6412313055078496,0.6412312986588178,0.6412313055078496,0.6412313123568812,0.6412313055078496,0.6412313055078496,0.6412313055078496,0.6412313055078496,0.6412312986588178,0.6412312986588178,0.9999999657548411,0.9999999794529045,0.9999999726038727,0.6412313055078496,0.6412312986588178,0.9999999863019365,0.9999999794529048,0.9999999863019363,0.9999999863019363,0.6412312986588178,0.6412312986588178,0.6412312986588178,0.6412312986588178,0.6412312986588178,0.6412312986588178,0.9999999794529045,0.6412312986588178,0.641231291809786,0.641231291809786,0.3113950444200462,0.6412313055078496,0.6412313055078496,0.6412313055078496,0.6412312986588178,0.9999999726038727,0.9999999726038727,0.9999999726038727,0.9999999726038727,0.6412313055078496,0.6412313055078496,0.29206052223634393,0.29206052908537566,0.29206052223634393,0.29206052223634393,0.29206052908537566,0.29206052908537566,0.29206052908537566,0.29206052908537566,0.6412313055078496,0.6412313055078496,0.9429751395420021,0.9429751395420021,0.9429751395420021,0.6412313055078496,0.6412313123568812,0.6412313055078496,0.6412313055078496,0.6412313123568812,0.6412313123568812,0.6412313055078496,0.6412313055078496,0.9999999726038727
0.6412312986588177,0.06258982890426881,0.06258982205523703,0,0.06258982890426881,0.06258982890426881,0.06258982205523703,0.2920605290853757,0.29206052223634393,0.9999999794529045,0.20218671229071558,0.2021867054416838,0.20218670544168382,0.9999999726038727,0.9999999726038727,0.6412313055078495,0.3113950444200462,0.3113950444200462,0.29206052223634393,0.2920605153873121,0.29206051538731215,0.29206051538731215,0.2920605153873121,0.29206052908537566,0.2920605290853757,0.2920605290853757,0.29206052908537566,0.6412313055078495,0.6412313055078495,0.6412313055078495,0.6412313055078495,0.6412313055078495,0.6412312986588177,0.6412313123568811,0.6412312986588177,0.6412313055078495,0.6412313055078495,0.6412312986588177,0.6412313055078495,0.6412313055078495,0.6412312986588177,0.9999999726038727,0.9999999726038727,0.3113950444200462,0.6412313055078495,0.6412312986588177,0.6412312986588177,0.6412312986588177,0.6412312986588177,0.9999999726038727,0.6412313055078495,0.9999999726038727,0.9999999657548411,0.9999999794529045,0.9999999794529045,0.9999999794529045,0.9999999726038727,0.9999999863019363,0.9999999794529048,0.9999999863019363,0.9999999863019363,0.9999999863019363,0.9999999794529045,0.9999999794529045,0.6412313055078495,0.9999999794529045,0.9999999726038727,0.6412312986588177,0.6412312986588177,0.6412312986588177,0.6412312986588177,0.6412312986588177,0.9999999726038727,0.2021867054416838,0.9999999726038727,0.2920605222363439,0.2920605222363439,0.999999972603873,0.999999972603873,0.999999972603873,0.999999972603873,0.999999972603873,0.999999972603873,0.6412312986588177,0.6412312986588177,0.9999999794529045,0.6412313055078495,0.6412313055078495,0.6412312986588177,0.6412313055078495,0.6412312986588177,0.6412313055078495,0.6412313123568811,0.6412313055078495,0.6412313055078495,0.6412313055078495,0.6412313055078495,0.6412312986588177,0.6412312986588177,0.9999999657548411,0.9999999794529045,0.9999999726038727,0.6412313055078495,0.6412312986588177,0.9999999863019363,0.9999999794529045,0.9999999863019363,0.9999999863019363,0.6412312986588177,0.6412312986588177,0.6412312986588177,0.6412312986588177,0.6412312986588177,0.6412312986588177,0.9999999794529045,0.6412312986588177,0.6412312918097859,0.6412312918097859,0.3113950444200462,0.6412313055078495,0.6412313055078495,0.6412313055078495,0.6412312986588177,0.9999999726038727,0.9999999726038727,0.9999999726038727,0.9999999726038727,0.6412313055078495,0.6412313055078495,0.29206052223634393,0.29206052908537566,0.29206052223634393,0.29206052223634393,0.29206052908537566,0.29206052908537566,0.29206052908537566,0.29206052908537566,0.6412313055078495,0.6412313055078495,0.9429751395420021,0.9429751395420021,0.9429751395420021,0.6412313055078495,0.6412313123568811,0.6412313055078495,0.6412313055078495,0.6412313123568811,0.6412313123568811,0.6412313055078495,0.6412313055078495,0.9999999726038727
0.6412313055078496,0.046866855966142595,0.05326103668903723,0.06258982890426881,0,0.021672665197088183,0.05326103668903723,0.29206053593440745,0.29206052908537566,0.9999999863019365,0.20218671913974734,0.20218671229071555,0.20218671229071558,0.9999999794529048,0.9999999794529048,0.6412313123568814,0.311395051269078,0.311395051269078,0.29206052908537566,0.2920605222363439,0.29206052223634393,0.29206052223634393,0.2920605222363439,0.29206053593440745,0.29206053593440745,0.29206053593440745,0.29206053593440745,0.6412313123568814,0.6412313123568814,0.6412313123568814,0.6412313123568814,0.6412313123568814,0.6412313055078496,0.6412313192059131,0.6412313055078496,0.6412313123568814,0.6412313123568814,0.6412313055078496,0.6412313123568814,0.6412313123568814,0.6412313055078496,0.9999999794529048,0.9999999794529048,0.311395051269078,0.6412313123568814,0.6412313055078496,0.6412313055078496,0.6412313055078496,0.6412313055078496,0.9999999794529048,0.6412313123568814,0.9999999794529048,0.999999972603873,0.9999999863019365,0.9999999863019365,0.9999999863019365,0.9999999794529048,0.9999999931509684,0.9999999863019366,0.9999999931509684,0.9999999931509684,0.9999999931509684,0.9999999863019365,0.9999999863019366,0.6412313123568814,0.9999999863019365,0.9999999794529048,0.6412313055078496,0.6412313055078496,0.6412313055078496,0.6412313055078496,0.6412313055078496,0.9999999794529048,0.20218671229071555,0.9999999794529048,0.29206052908537566,0.29206052908537566,0.999999979452905,0.999999979452905,0.999999979452905,0.999999979452905,0.999999979452905,0.999999979452905,0.6412313055078496,0.6412313055078496,0.9999999863019365,0.6412313123568814,0.6412313123568814,0.6412313055078496,0.6412313123568814,0.6412313055078496,0.6412313123568814,0.6412313192059131,0.6412313123568814,0.6412313123568814,0.6412313123568814,0.6412313123568814,0.6412313055078496,0.6412313055078496,0.999999972603873,0.9999999863019365,0.9999999794529048,0.6412313123568814,0.6412313055078496,0.9999999931509682,0.9999999863019365,0.9999999931509682,0.9999999931509682,0.6412313055078496,0.6412313055078496,0.6412313055078496,0.6412313055078496,0.6412313055078496,0.6412313055078496,0.9999999863019365,0.6412313055078496,0.6412312986588179,0.6412312986588179,0.311395051269078,0.6412313123568814,0.6412313123568814,0.6412313123568814,0.6412313055078496,0.9999999794529048,0.9999999794529048,0.9999999794529048,0.9999999794529048,0.6412313123568814,0.6412313123568814,0.2920605290853757,0.29206053593440745,0.2920605290853757,0.2920605290853757,0.29206053593440745,0.29206053593440745,0.29206053593440745,0.29206053593440745,0.6412313123568814,0.6412313123568814,0.9429751463910339,0.9429751463910339,0.9429751463910339,0.6412313123568814,0.6412313192059131,0.6412313123568814,0.6412313123568814,0.6412313192059131,0.6412313192059131,0.6412313123568814,0.6412313123568814,0.9999999794529048
0.6412313055078496,0.046866855966142595,0.05326103668903723,0.06258982890426881,0.021672665197088183,0,0.05326103668903723,0.29206053593440745,0.29206052908537566,0.9999999863019365,0.20218671913974734,0.20218671229071555,0.20218671229071558,0.9999999794529048,0.9999999794529048,0.6412313123568814,0.311395051269078,0.311395051269078,0.29206052908537566,0.2920605222363439,0.29206052223634393,0.29206052223634393,0.2920605222363439,0.29206053593440745,0.29206053593440745,0.29206053593440745,0.29206053593440745,0.6412313123568814,0.6412313123568814,0.6412313123568814,0.6412313123568814,0.6412313123568814,0.6412313055078496,0.6412313192059131,0.6412313055078496,0.6412313123568814,0.6412313123568814,0.6412313055078496,0.6412313123568814,0.6412313123568814,0.6412313055078496,0.9999999794529048,0.9999999794529048,0.311395051269078,0.6412313123568814,0.6412313055078496,0.6412313055078496,0.6412313055078496,0.6412313055078496,0.9999999794529048,0.6412313123568814,0.9999999794529048,0.999999972603873,0.9999999863019365,0.9999999863019365,0.9999999863019365,0.9999999794529048,0.9999999931509684,0.9999999863019366,0.9999999931509684,0.9999999931509684,0.9999999931509684,0.9999999863019365,0.9999999863019366,0.6412313123568814,0.9999999863019365,0.9999999794529048,0.6412313055078496,0.6412313055078496,0.6412313055078496,0.6412313055078496,0.6412313055078496,0.9999999794529048,0.20218671229071555,0.9999999794529048,0.29206052908537566,0.29206052908537566,0.999999979452905,0.999999979452905,0.999999979452905,0.999999979452905,0.999999979452905,0.999999979452905,0.6412313055078496,0.6412313055078496,0.9999999863019365,0.6412313123568814,0.6412313123568814,0.6412313055078496,0.6412313123568814,0.6412313055078496,0.6412313123568814,0.6412313192059131,0.6412313123568814,0.6412313123568814,0.6412313123568814,0.6412313123568814,0.6412313055078496,0.6412313055078496,0.999999972603873,0.9999999863019365,0.9999999794529048,0.6412313123568814,0.6412313055078496,0.9999999931509682,0.9999999863019365,0.9999999931509682,0.9999999931509682,0.6412313055078496,0.6412313055078496,0.6412313055078496,0.6412313055078496,0.6412313055078496,0.6412313055078496,0.9999999863019365,0.6412313055078496,0.6412312986588179,0.6412312986588179,0.311395051269078,0.6412313123568814,0.6412313123568814,0.6412313123568814,0.6412313055078496,0.9999999794529048,0.9999999794529048,0.9999999794529048,0.9999999794529048,0.6412313123568814,0.6412313123568814,0.2920605290853757,0.29206053593440745,0.2920605290853757,0.2920605290853757,0.29206053593440745,0.29206053593440745,0.29206053593440745,0.29206053593440745,0.6412313123568814,0.6412313123568814,0.9429751463910339,0.9429751463910339,0.9429751463910339,0.6412313123568814,0.6412313192059131,0.6412313123568814,0.6412313123568814,0.6412313192059131,0.6412313192059131,0.6412313123568814,0.6412313123568814,0.9999999794529048
0.6412312986588178,0.05326103668903723,0.039539063175325226,0.06258982205523703,0.05326103668903723,0.05326103668903723,0,0.2920605290853757,0.29206052223634393,0.9999999794529045,0.20218671229071558,0.2021867054416838,0.20218670544168382,0.9999999726038727,0.9999999726038727,0.6412313055078496,0.3113950444200462,0.3113950444200462,0.29206052223634393,0.2920605153873121,0.29206051538731215,0.29206051538731215,0.2920605153873121,0.29206052908537566,0.2920605290853757,0.2920605290853757,0.29206052908537566,0.6412313055078496,0.6412313055078496,0.6412313055078496,0.6412313055078496,0.6412313055078496,0.6412312986588178,0.6412313123568812,0.6412312986588178,0.6412313055078496,0.6412313055078496,0.6412312986588178,0.6412313055078496,0.6412313055078496,0.6412312986588178,0.9999999726038727,0.9999999726038727,0.3113950444200462,0.6412313055078496,0.6412312986588178,0.6412312986588178,0.6412312986588178,0.6412312986588178,0.9999999726038727,0.6412313055078496,0.9999999726038727,0.9999999657548411,0.9999999794529045,0.9999999794529045,0.9999999794529045,0.9999999726038727,0.9999999863019363,0.9999999794529048,0.9999999863019363,0.9999999863019363,0.9999999863019363,0.9999999794529045,0.9999999794529045,0.6412313055078496,0.9999999794529045,0.9999999726038727,0.6412312986588178,0.6412312986588178,0.6412312986588178,0.6412312986588178,0.6412312986588178,0.9999999726038727,0.2021867054416838,0.9999999726038727,0.2920605222363439,0.2920605222363439,0.999999972603873,0.999999972603873,0.999999972603873,0.999999972603873,0.999999972603873,0.999999972603873,0.6412312986588178,0.6412312986588178,0.9999999794529048,0.6412313055078496,0.6412313055078496,0.6412312986588178,0.6412313055078496,0.6412312986588178,0.6412313055078496,0.6412313123568812,0.6412313055078496,0.6412313055078496,0.6412313055078496,0.6412313055078496,0.6412312986588178,0.6412312986588178,0.9999999657548411,0.9999999794529045,0.9999999726038727,0.6412313055078496,0.6412312986588178,0.9999999863019365,0.9999999794529048,0.9999999863019363,0.9999999863019363,0.6412312986588178,0.6412312986588178,0.6412312986588178,0.6412312986588178,0.6412312986588178,0.6412312986588178,0.9999999794529045,0.6412312986588178,0.641231291809786,0.641231291809786,0.3113950444200462,0.6412313055078496,0.6412313055078496,0.6412313055078496,0.6412312986588178,0.9999999726038727,0.9999999726038727,0.9999999726038727,0.9999999726038727,0.6412313055078496,0.6412313055078496,0.29206052223634393,0.29206052908537566,0.29206052223634393,0.29206052223634393,0.29206052908537566,0.29206052908537566,0.29206052908537566,0.29206052908537566,0.6412313055078496,0.6412313055078496,0.9429751395420021,0.9429751395420021,0.9429751395420021,0.6412313055078496,0.6412313123568812,0.6412313055078496,0.6412313055078496,0.6412313123568812,0.6412313123568812,0.6412313055078496,0.6412313055078496,0.9999999726038727
0.6412313055078496,0.29206053593440745,0.2920605290853757,0.2920605290853757,0.29206053593440745,0.29206053593440745,0.2920605290853757,0,0.04915049438468774,0.9999999863019363,0.29206053593440745,0.2920605290853757,0.2920605290853757,0.9999999794529045,0.9999999794529045,0.6412313123568812,0.31139505126907796,0.31139505126907796,0.26694130781809644,0.26694130096906465,0.2669413009690647,0.2669413009690647,0.26694130096906465,0.2752287252995062,0.27522872529950626,0.27522872529950626,0.2752287252995062,0.6412313123568812,0.6412313123568812,0.6412313123568812,0.6412313123568812,0.6412313123568812,0.6412313055078496,0.641231319205913,0.6412313055078496,0.6412313123568812,0.6412313123568812,0.6412313055078496,0.6412313123568812,0.6412313123568812,0.6412313055078496,0.9999999794529045,0.9999999794529045,0.31139505126907796,0.6412313123568812,0.6412313055078496,0.6412313055078496,0.6412313055078496,0.6412313055078496,0.9999999794529045,0.6412313123568812,0.9999999794529045,0.9999999726038727,0.9999999863019363,0.9999999863019363,0.9999999863019363,0.9999999794529045,0.9999999931509681,0.9999999863019365,0.9999999931509681,0.9999999931509681,0.9999999931509681,0.9999999863019363,0.9999999863019363,0.6412313123568812,0.9999999863019363,0.9999999794529045,0.6412313055078496,0.6412313055078496,0.6412313055078496,0.6412313055078496,0.6412313055078496,0.9999999794529045,0.2920605290853757,0.9999999794529045,0.26694130781809644,0.26694130781809644,0.9999999794529048,0.9999999794529048,0.9999999794529048,0.9999999794529048,0.9999999794529048,0.9999999794529048,0.6412313055078496,0.6412313055078496,0.9999999863019363,0.6412313123568812,0.6412313123568812,0.6412313055078496,0.6412313123568812,0.6412313055078496,0.6412313123568812,0.641231319205913,0.6412313123568812,0.6412313123568812,0.6412313123568812,0.6412313123568812,0.6412313055078496,0.6412313055078496,0.9999999726038727,0.9999999863019363,0.9999999794529045,0.6412313123568812,0.6412313055078496,0.9999999931509681,0.9999999863019363,0.9999999931509681,0.9999999931509681,0.6412313055078496,0.6412313055078496,0.6412313055078496,0.6412313055078496,0.6412313055078496,0.6412313055078496,0.9999999863019363,0.6412313055078496,0.6412312986588178,0.6412312986588178,0.31139505126907796,0.6412313123568812,0.6412313123568812,0.6412313123568812,0.6412313055078496,0.9999999794529045,0.9999999794529045,0.9999999794529045,0.9999999794529045,0.6412313123568812,0.6412313123568812,0.2669413078180965,0.2669413146671282,0.2669413078180965,0.2669413078180965,0.2669413146671282,0.2669413146671282,0.2752287252995062,0.2752287252995062,0.6412313123568812,0.6412313123568812,0.9429751463910336,0.9429751463910336,0.9429751463910336,0.6412313123568812,0.641231319205913,0.6412313123568812,0.6412313123568812,0.641231319205913,0.641231319205913,0.6412313123568812,0.6412313123568812,0.9999999794529045
0.6412312986588178,0.29206052908537566,0.29206052223634393,0.29206052223634393,0.29206052908537566,0.29206052908537566,0.29206052223634393,0.04915049438468774,0,0.9999999794529045,0.29206052908537566,0.29206052223634393,0.29206052223634393,0.9999999726038727,0.9999999726038727,0.6412313055078496,0.3113950444200462,0.3113950444200462,0.2669413009690647,0.26694129412003287,0.26694129412003287,0.26694129412003287,0.26694129412003287,0.2752287184504744,0.2752287184504745,0.2752287184504745,0.2752287184504744,0.6412313055078496,0.6412313055078496,0.6412313055078496,0.6412313055078496,0.6412313055078496,0.6412312986588178,0.6412313123568812,0.6412312986588178,0.6412313055078496,0.6412313055078496,0.6412312986588178,0.6412313055078496,0.6412313055078496,0.6412312986588178,0.9999999726038727,0.9999999726038727,0.3113950444200462,0.6412313055078496,0.6412312986588178,0.6412312986588178,0.6412312986588178,0.6412312986588178,0.9999999726038727,0.6412313055078496,0.9999999726038727,0.9999999657548411,0.9999999794529045,0.9999999794529045,0.9999999794529045,0.9999999726038727,0.9999999863019363,0.9999999794529048,0.9999999863019363,0.9999999863019363,0.9999999863019363,0.9999999794529045,0.9999999794529045,0.6412313055078496,0.9999999794529045,0.9999999726038727,0.6412312986588178,0.6412312986588178,0.6412312986588178,0.6412312986588178,0.6412312986588178,0.9999999726038727,0.29206052223634393,0.9999999726038727,0.26694130096906465,0.26694130096906465,0.999999972603873,0.999999972603873,0.999999972603873,0.999999972603873,0.999999972603873,0.999999972603873,0.6412312986588178,0.6412312986588178,0.9999999794529045,0.6412313055078496,0.6412313055078496,0.6412312986588178,0.6412313055078496,0.6412312986588178,0.6412313055078496,0.6412313123568812,0.6412313055078496,0.6412313055078496,0.6412313055078496,0.6412313055078496,0.6412312986588178,0.6412312986588178,0.9999999657548411,0.9999999794529045,0.9999999726038727,0.6412313055078496,0.6412312986588178,0.9999999863019363,0.9999999794529045,0.9999999863019363,0.9999999863019363,0.6412312986588178,0.6412312986588178,0.6412312986588178,0.6412312986588178,0.6412312986588178,0.6412312986588178,0.9999999794529045,0.6412312986588178,0.641231291809786,0.641231291809786,0.3113950444200462,0.6412313055078496,0.6412313055078496,0.6412313055078496,0.6412312986588178,0.9999999726038727,0.9999999726038727,0.9999999726038727,0.9999999726038727,0.6412313055078496,0.6412313055078496,0.2669413009690647,0.26694130781809644,0.2669413009690647,0.2669413009690647,0.26694130781809644,0.26694130781809644,0.2752287184504745,0.2752287184504745,0.6412313055078496,0.6412313055078496,0.94297513954200185,0.94297513954200185,0.94297513954200185,0.6412313055078496,0.6412313123568812,0.6412313055078496,0.6412313055078496,0.6412313123568812,0.6412313123568812,0.6412313055078496,0.6412313055078496,0.9999999726038727
0.9999999794529045,0.9999999863019365,0.9999999794529045,0.9999999794529045,0.9999999863019365,0.9999999863019365,0.9999999794529045,0.9999999863019363,0.9999999794529045,0,0.9999999863019363,0.9999999794529045,0.9999999794529045,0.8593692826637123,0.8593692826637123,0.9999999863019363,0.9999999863019363,0.9999999863019363,0.9999999794529045,0.9999999726038727,0.9999999726038727,0.9999999726038727,0.9999999726038727,0.9999999863019363,0.9999999863019363,0.9999999863019363,0.9999999863019363,0.9999999863019363,0.9999999863019363,0.9999999863019363,0.9999999863019363,0.9999999863019363,0.9999999794529045,0.9999999931509681,0.9999999794529045,0.9999999863019363,0.9999999863019363,0.9999999794529045,0.9999999863019363,0.9999999863019363,0.9999999794529045,0.8593692826637123,0.8593692826637123,0.9999999863019363,0.9999999863019363,0.9999999794529045,0.9999999794529045,0.9999999794529045,0.9999999794529045,0.8593692826637123,0.9999999863019363,0.8593692826637123,0.8593692758146805,0.8593692895127439,0.859369289512744,0.8593692895127439,0.8593692826637124,0.5205264215132909,0.5205264146642591,0.5205264215132909,0.5205264215132909,0.5205264215132909,0.5205264146642591,0.5205264146642591,0.9999999863019363,0.8593692895127439,0.8593692826637123,0.9999999794529045,0.9999999794529045,0.9999999794529045,0.9999999794529045,0.9999999794529045,0.8593692826637123,0.9999999794529045,0.8593692826637123,0.9999999794529045,0.9999999794529045,0.8593692826637123,0.8593692826637123,0.8593692826637123,0.8593692826637123,0.8593692826637123,0.8593692826637123,0.9999999794529045,0.9999999794529045,0.4744359375436518,0.9999999863019363,0.9999999863019363,0.9999999794529045,0.9999999863019363,0.9999999794529045,0.9999999863019363,0.9999999931509681,0.9999999863019363,0.9999999863019363,0.9999999863019363,0.9999999863019363,0.9999999794529045,0.9999999794529045,0.8593692758146805,0.8593692895127439,0.8593692826637123,0.9999999863019363,0.9999999794529045,0.47443594439268355,0.4744359375436518,0.520526421513291,0.520526421513291,0.9999999794529045,0.9999999794529045,0.9999999794529045,0.9999999794529045,0.9999999794529045,0.9999999794529045,0.25662705636442884,0.9999999794529045,0.9999999726038727,0.9999999726038727,0.9999999863019363,0.9999999863019363,0.9999999863019363,0.9999999863019363,0.9999999794529045,0.8593692826637123,0.8593692826637123,0.8593692826637123,0.8593692826637123,0.9999999863019363,0.9999999863019363,0.9999999794529045,0.9999999863019363,0.9999999794529045,0.9999999794529045,0.9999999863019363,0.9999999863019363,0.9999999863019363,0.9999999863019363,0.9999999863019363,0.9999999863019363,0.9999999863019363,0.9999999863019363,0.9999999863019363,0.9999999863019363,0.9999999931509681,0.9999999863019363,0.9999999863019363,0.9999999931509681,0.9999999931509681,0.9999999863019363,0.9999999863019363,0.8593692826637123
0.6412313055078495,0.20218671913974734,0.20218671229071558,0.20218671229071558,0.20218671913974734,0.20218671913974734,0.20218671229071558,0.29206053593440745,0.29206052908537566,0.9999999863019363,0,0.027800884318216448,0.03671732372658914,0.9999999794529045,0.9999999794529045,0.6412313123568811,0.31139505126907796,0.31139505126907796,0.29206052908537566,0.2920605222363439,0.29206052223634393,0.29206052223634393,0.2920605222363439,0.29206053593440745,0.29206053593440745,0.29206053593440745,0.29206053593440745,0.6412313123568811,0.6412313123568811,0.6412313123568811,0.6412313123568811,0.6412313123568811,0.6412313055078495,0.6412313192059129,0.6412313055078495,0.6412313123568811,0.6412313123568811,0.6412313055078495,0.6412313123568811,0.6412313123568811,0.6412313055078495,0.9999999794529045,0.9999999794529045,0.31139505126907796,0.6412313123568811,0.6412313055078495,0.6412313055078495,0.6412313055078495,0.6412313055078495,0.9999999794529045,0.6412313123568811,0.9999999794529045,0.9999999726038727,0.9999999863019363,0.9999999863019363,0.9999999863019363,0.9999999794529045,0.9999999931509681,0.9999999863019365,0.9999999931509681,0.9999999931509681,0.9999999931509681,0.9999999863019363,0.9999999863019363,0.6412313123568811,0.9999999863019363,0.9999999794529045,0.6412313055078495,0.6412313055078495,0.6412313055078495,0.6412313055078495,0.6412313055078495,0.9999999794529045,0.1253015500269821,0.9999999794529045,0.2920605290853756,0.2920605290853756,0.9999999794529048,0.9999999794529048,0.9999999794529048,0.9999999794529048,0.9999999794529048,0.9999999794529048,0.6412313055078495,0.6412313055078495,0.9999999863019363,0.6412313123568811,0.6412313123568811,0.6412313055078495,0.6412313123568811,0.6412313055078495,0.6412313123568811,0.6412313192059129,0.6412313123568811,0.6412313123568811,0.6412313123568811,0.6412313123568811,0.6412313055078495,0.6412313055078495,0.9999999726038727,0.9999999863019363,0.9999999794529045,0.6412313123568811,0.6412313055078495,0.9999999931509681,0.9999999863019363,0.9999999931509681,0.9999999931509681,0.6412313055078495,0.6412313055078495,0.6412313055078495,0.6412313055078495,0.6412313055078495,0.6412313055078495,0.9999999863019363,0.6412313055078495,0.6412312986588177,0.6412312986588177,0.31139505126907796,0.6412313123568811,0.6412313123568811,0.6412313123568811,0.6412313055078495,0.9999999794529045,0.9999999794529045,0.9999999794529045,0.9999999794529045,0.6412313123568811,0.6412313123568811,0.29206052908537566,0.29206053593440745,0.29206052908537566,0.29206052908537566,0.29206053593440745,0.29206053593440745,0.29206053593440745,0.29206053593440745,0.6412313123568811,0.6412313123568811,0.9429751463910336,0.9429751463910336,0.9429751463910336,0.6412313123568811,0.6412313192059129,0.6412313123568811,0.6412313123568811,0.6412313192059129,0.6412313192059129,0.6412313123568811,0.6412313123568811,0.9999999794529045
0.6412312986588177,0.20218671229071555,0.2021867054416838,0.2021867054416838,0.20218671229071555,0.20218671229071555,0.2021867054416838,0.2920605290853757,0.29206052223634393,0.9999999794529045,0.027800884318216448,0,0.036717316877557374,0.9999999726038727,0.9999999726038727,0.6412313055078495,0.31139504442004623,0.31139504442004623,0.29206052223634393,0.2920605153873121,0.29206051538731215,0.29206051538731215,0.2920605153873121,0.29206052908537566,0.2920605290853757,0.2920605290853757,0.29206052908537566,0.6412313055078495,0.6412313055078495,0.6412313055078495,0.6412313055078495,0.6412313055078495,0.6412312986588177,0.6412313123568811,0.6412312986588177,0.6412313055078495,0.6412313055078495,0.6412312986588177,0.6412313055078495,0.6412313055078495,0.6412312986588177,0.9999999726038727,0.9999999726038727,0.31139504442004623,0.6412313055078495,0.6412312986588177,0.6412312986588177,0.6412312986588177,0.6412312986588177,0.9999999726038727,0.6412313055078495,0.9999999726038727,0.9999999657548411,0.9999999794529045,0.9999999794529045,0.9999999794529045,0.9999999726038727,0.9999999863019363,0.9999999794529048,0.9999999863019363,0.9999999863019363,0.9999999863019363,0.9999999794529045,0.9999999794529045,0.6412313055078495,0.9999999794529045,0.9999999726038727,0.6412312986588177,0.6412312986588177,0.6412312986588177,0.6412312986588177,0.6412312986588177,0.9999999726038727,0.1253015431779503,0.9999999726038727,0.2920605222363439,0.2920605222363439,0.999999972603873,0.999999972603873,0.999999972603873,0.999999972603873,0.999999972603873,0.999999972603873,0.6412312986588177,0.6412312986588177,0.9999999794529045,0.6412313055078495,0.6412313055078495,0.6412312986588177,0.6412313055078495,0.6412312986588177,0.6412313055078495,0.6412313123568811,0.6412313055078495,0.6412313055078495,0.6412313055078495,0.6412313055078495,0.6412312986588177,0.6412312986588177,0.9999999657548411,0.9999999794529045,0.9999999726038727,0.6412313055078495,0.6412312986588177,0.9999999863019363,0.9999999794529045,0.9999999863019363,0.9999999863019363,0.6412312986588177,0.6412312986588177,0.6412312986588177,0.6412312986588177,0.6412312986588177,0.6412312986588177,0.9999999794529045,0.6412312986588177,0.6412312918097859,0.6412312918097859,0.31139504442004623,0.6412313055078495,0.6412313055078495,0.6412313055078495,0.6412312986588177,0.9999999726038727,0.9999999726038727,0.9999999726038727,0.9999999726038727,0.6412313055078495,0.6412313055078495,0.29206052223634393,0.29206052908537566,0.29206052223634393,0.29206052223634393,0.29206052908537566,0.29206052908537566,0.29206052908537566,0.29206052908537566,0.6412313055078495,0.6412313055078495,0.94297513954200185,0.94297513954200185,0.94297513954200185,0.6412313055078495,0.6412313123568811,0.6412313055078495,0.6412313055078495,0.6412313123568811,0.6412313123568811,0.6412313055078495,0.6412313055078495,0.9999999726038727
